2242015
2242006
2242002
2241989
2242030
2242041
2242037
2242020
164277
1016439
164331
164528
164598
2998242
164728
2878099
164676
164733
164753
164772
164809
164846
164797
164795
164820
164821
164847
164858
166332
2998244
166537
2998246
181128
181068
181127
917084
192145
192167
192204
192215
192219
192259
947239
196832
196846
196884
201110
205889
205957
206071
211900
211890
223169
964028
228075
917898
231086
232328
232331
232343
232344
232350
233141
233150
233969
3550679
3551514
3551517
3551518
3552388
3553285
199980
3732411
3555094
3707672
3556880
3556883
3557683
3562169
3562189
3562150
3563119
3563133
3563129
3563134
3563135
208113
3706171
3706185
3567133
3568389
3571179
3572498
3572526
3573823
3576479
3577836
3521355
3580503
3581823
3581830
3581810
3591135
3591140
3592878
3592935
3592955
3594649
3596257
3514857
1340385
598441
1344568
1344576
1347604
1350856
1356781
1358943
1363084
1365276
1371383
1396307
1401270
1407620
1334244
1271119
1412700
1415256
1415235
3715722
1417704
1006291
461756
58216
492713
1493301
1430048
1494569
1435622
1438344
1440898
1440950
1444019
1444013
1447038
1453309
1462809
1468190
1471036
1471061
1474078
1474112
1059660
1059551
1489187
1489203
1492273
681368
1636852
1466652
1542036
1542034
1542044
1545699
1549267
509135
1552721
1563216
1563227
1570021
1569979
1622780
1573970
1577965
1577951
1589654
1589659
1589667
1601133
1601137
1601151
1601152
1779624
1609217
1609246
1613047
1613096
2253611
1646148
1648401
1650992
1781072
299867
1666372
1666387
1666399
1666400
1666415
1684182
4276531
1692925
1705824
1763749
1705837
1710035
1710055
1718503
1718497
1718517
1718521
1722972
1722991
1722994
1764350
1732262
1746600
1746620
1755775
1771372
1771356
1772939
1772953
1800557
1800564
1800567
1800572
1800576
1800579
3141038
1828712
1828678
1936411
1939088
1939175
1854130
1859278
2255655
1864295
1869475
1869476
1879744
1879743
1879742
1879745
1879753
1879763
1879777
1879757
1879758
1879769
1884922
1890018
1905531
1905571
49803
4294044
1926285
1942612
2102866
2102924
1944722
1629539
194996
659381
679866
689115
689118
4244864
699877
699883
1249462
1264299
1264311
1269798
1275361
1275372
1275370
1275379
260637
1280860
1280846
942327
1502153
1303032
1308429
1314241
1319972
1319997
1351685
1351701
1364265
1370540
1630403
1391650
1400060
1390142
1404866
1417291
1407667
1493291
1440340
1440347
1523945
1535708
1549904
1577579
1584547
1584551
1598128
1598124
1612163
1612172
1612159
1612176
1612170
1612177
1619028
1648575
1659362
1666701
4513241
1674275
1674263
1681817
1681818
1681804
1681819
1681825
1681827
1681832
1681835
1696701
1711075
1764625
1747149
1689127
457858
480968
480983
73728
490094
741289
4279363
98347
98348
98346
98350
98351
98352
102282
102287
478305
628384
743217
555648
555644
555647
555655
4226677
147907
582366
743916
609442
610012
610011
169338
618305
634031
188171
188176
749283
193153
193158
193157
193156
193152
193159
3527540
3553246
3561810
3561849
3588165
3588183
3596661
3613501
3613488
3622126
3622114
3647756
3647752
3647754
3647759
3647751
3656167
3665023
4037132
4033483
3713472
3755710
3769335
3778684
3787691
3813256
3874781
251859
3883821
3893296
2593956
3902346
3911546
75144
3939735
3949048
248890
3986858
4005584
4015323
4015334
371108
371107
789744
789752
946053
4456046
4454978
1258689
4029975
4055181
4087535
4087451
4087526
4134925
4144568
4155473
1757994
2470039
2003873
2058184
2058194
2131081
2187965
2232402
2232543
2365871
2417444
2488618
2488621
2540058
2540104
2607785
2607982
2793771
2793773
2793772
2793776
2793777
2793780
2793782
2793785
2793786
2793795
2793802
2793811
2793814
2793818
2793831
2958051
1791255
4168036
4712817
4736517
4736513
4748697
3754879
3754797
3749414
3676055
3289168
3649208
3712176
3676051
3588800
3378703
2458916
2489045
2676758
2513031
2513044
2525601
2525622
2525198
2073655
2148600
2080110
2080112
2080113
2080115
2091252
2558831
85340
2614724
345402
346621
347537
2626770
2638912
386504
2638922
2638943
2687648
2687645
2668977
2695614
2705685
2705694
2706038
2717964
2717969
2717976
2717978
2743283
2743199
2755174
105342
2766958
2803960
2804049
110529
2893964
2867223
2955886
4570727
4613226
4558758
4646563
4673409
4673338
4686712
4686688
4699654
4699686
4666137
4712742
623900
4766595
4766629
4862050
4805422
4936084
4962967
5006249
5006243
5121803
5121807
5136195
5179244
5064833
709934
712551
745626
773814
531100
814295
2972766
741602
848281
887130
741564
78604
183823
291531
291530
291573
3019911
985031
1014503
1036717
1006205
1098764
1110791
248809
3976172
3976121
3990276
3990197
3990312
282377
4004252
316313
316318
316314
316515
714250
714355
714436
1128279
1128281
1367810
4076761
4100994
4129514
4129511
4129524
4129516
4129520
4129522
4129525
4129523
4153660
4153670
1524295
1524613
1656968
4162406
2109606
2190033
2433828
2433833
2433836
2526477
2634826
2634853
2859899
2930531
4568938
4574143
2897469
3894012
252255
3908509
3923983
3924004
3924035
4052981
257163
259488
260501
262157
262449
263716
3984913
3984919
3984935
4015540
405198
405197
902806
4063871
3998195
4069932
4107686
1446284
4137713
1603415
4161074
4169997
3087502
2006523
2283522
4186612
2551716
4189583
2912663
2949929
2070282
2111137
447587
447594
447600
741571
1492153
2148312
2148279
2148323
2164002
2164014
2180138
2196720
2196734
2196738
2196746
2213189
2229871
2465425
2327768
2327772
2327766
2877023
2377831
2470171
4345194
2645902
2522544
2538966
2538973
2538979
2538983
2538986
2538988
83703
2570626
397480
397481
2570605
2570615
2570622
2586927
2619407
2882444
2689308
2719721
2737999
2738007
2755163
2755170
2755174
109917
2807533
2844674
3138351
2744127
2941905
2941908
2941912
3136133
2941915
2941916
116028
3010873
3028436
3163497
3028460
3028466
4545363
125603
10116
3117234
3406467
3181449
3408172
3254002
152740
3289232
3360576
3378233
3396611
3396620
3396619
3443475
3451831
182432
3466945
3503772
3521729
3521730
3521727
208746
346400
346401
346406
346402
940595
365200
365213
3358622
3375516
365207
365203
365212
365219
365215
365216
365214
365217
383518
383522
2553616
675282
1261742
1278785
1313394
1771143
1313419
1363736
1408807
1424220
1427351
1481120
1481151
1635177
1549837
1568647
2253611
1785774
1785878
1763431
4214237
1694591
1694599
1694609
1694615
1731477
1785735
1930836
1820816
35096
1114747
1114764
1114759
1114758
1114745
1114756
1114744
1114751
1114766
1169145
1190180
1206472
1220689
1206487
465765
3154059
492300
510254
21978
115745
2260283
135995
3233189
586557
3245194
3250782
211194
211211
224248
224249
3271911
367526
367530
408344
586064
3976811
2043344
3997251
4016884
4016914
4016910
1133378
1294658
1294709
4462082
4049613
4111067
4111129
4129622
4129628
4129627
4129623
4129629
4129624
4129625
2097326
2097329
2097330
2097338
2097350
2335405
2875322
2970555
2970568
4852511
4616661
4635336
4680139
4833144
4833134
4994916
5088902
5136001
5135990
519883
587936
4128476
2981139
743053
773754
773777
796267
832568
886416
886420
903463
2989724
609673
964002
253625
253574
253661
253746
253768
982507
982519
1058151
1080319
1134508
1134527
4022565
491852
491866
939869
585279
628991
177962
191012
653764
3268080
216979
237244
237246
237247
237248
237256
260942
330865
330866
330876
353862
3343617
4432652
696755
696768
1307228
1370191
213223
67878
1422024
1445565
1445547
2252074
1468525
1491351
1491344
1550437
1550443
1596711
1596725
1620132
1656753
2254065
1679726
1725573
1809268
1832615
1832616
2079583
1855128
1878092
1878099
1901243
1946650
2277455
2039523
2039545
2063515
2063557
2063558
2667519
2279862
38922
112557
216666
273937
273952
337674
719667
736781
2177316
2177326
2201071
2201084
2225112
1710995
302677
302683
302701
3348147
561291
699066
699089
1259268
1303905
1403573
1388985
1403564
1423962
1423944
1442363
1534467
1559417
1583870
1583874
1331032
1607976
1607950
1666442
1742334
1742373
1930793
2253901
46914
1920723
4282962
1902002
1879684
1948478
1996687
1996686
1996674
436878
2045853
2087701
492851
540681
561262
147907
582366
160886
174207
644335
654270
241146
241143
267220
267224
292941
370646
3313321
370677
396548
396556
396557
303053
697743
697760
697766
697775
697817
697814
1306061
1306066
1329485
1410632
1460020
1460006
1460014
1460018
1549140
1548575
1689691
1715223
1715229
1930759
1970801
2278273
2023311
2023335
2278601
2078162
2078235
2120947
2120951
2021363
2063477
859843
2201334
2201342
2228013
2228037
4325508
2366113
2419941
2496823
2496849
2496850
2496867
2525044
2601533
2628443
2628437
2628427
2629128
2690337
2713870
2713876
2732185
2768562
2768563
111232
2768572
2768578
2768581
2768591
2795896
2795888
2823444
2852074
2934223
2960128
3040597
3067651
3204943
3436935
3342827
728662
3420718
3443830
3416429
3541109
3568674
3568709
3622816
3649720
235032
3676708
4034777
239236
3743940
4027217
3924655
3951732
3951718
4006432
4096865
4096801
4096776
4124485
2752653
2780693
2839819
4385934
2926580
2761371
4393968
3403254
3008050
3008052
3160503
3064731
2378227
3206297
3236528
3350606
3350618
173278
3379237
3379214
3724008
3470456
3499570
3499584
3527882
3556447
3556470
3613122
3613137
3669224
3669199
3669225
3669228
221225
3760977
227989
3740021
3740032
3788382
3788384
3375701
4083502
3926135
4109931
4137407
2047065
4177083
4177080
2786349
2786439
4251208
4686451
4716266
4807779
4644237
5077513
5141894
609440
772227
799969
964129
906978
195124
2991310
922141
922151
922159
990435
1130076
1130059
1130057
1130067
64478
64477
492124
492133
492138
158941
175008
175017
192587
637780
637791
210273
944061
264752
264778
296398
296405
296407
296409
327962
327978
359069
359079
390155
675588
444335
1296632
1450095
402223
1555623
1555633
1617052
1660132
1660139
1722349
1781936
1799568
1799581
1828524
1858772
1889450
1889456
1927605
2436081
2034784
2009754
271663
413473
265503
413446
823232
823422
1343408
2267512
2464821
2291075
2876895
2345362
2377223
2443384
2409842
2656212
2530910
162326
165883
2783338
2816343
2816352
2816355
4409977
2942296
4408702
3037500
3037504
3262031
3262047
4440433
4441165
3458701
3436723
3490333
3522627
3522635
3728900
3587302
192701
3619093
3629254
3650783
3682714
3753724
225584
1319263
1319272
1319331
1319443
1319480
4465251
4087448
4111209
2627262
2627289
3399275
2725645
2827489
3399719
2827494
3402527
2904755
4495093
3353397
3487906
3487910
3733093
3588880
3621986
3622001
3622002
3622010
3621985
3621995
3712293
3712614
3688123
3758609
3737675
3788964
3788939
3788947
3819553
3819557
3884994
3917985
3918047
3918024
306923
306925
306933
306930
306998
306999
968677
1121015
1191707
486592
3173385
109571
567706
144778
3233735
162459
162456
162460
603848
603849
181298
188034
201168
201165
201179
327878
327879
684614
241562
1384844
4054803
1457941
1494776
1491779
1573864
1573871
1608257
1690524
1690512
1690540
1690547
4038777
4111516
1714481
1992707
1992716
4886423
4183655
2963309
2963316
2963323
4523640
4744226
3717283
4875009
4938730
3769897
5015590
22004
5131328
5169085
672511
672608
768755
804053
804062
866219
233582
1088180
1088204
1133841
1170741
2483559
2589253
2589260
2694687
2694703
2729974
2729993
2766184
2978497
3086970
3164928
3187226
148335
3410674
3717576
3187233
3187242
3263290
2833579
3480287
3709194
3662410
3662433
243407
3874682
3910495
3910460
3910485
265601
322449
322468
322478
322774
322805
808868
4845401
4084028
1474953
2064661
4180476
2287593
2500515
4517456
4818363
4944039
5026749
5067039
5148255
5148294
789169
789177
855942
855940
855947
900204
900211
969712
1089694
3041001
1177629
1177670
1177631
3127724
17398
17400
433106
605315
4226611
136102
136105
492753
220019
258609
258614
258611
1345793
1388759
1426625
1775371
4270362
1721201
2166331
1984435
2023443
2023437
2061667
2120091
4301382
720310
492011
866460
50702
10129
91492
741530
924324
543881
611041
630125
630128
194459
194455
194460
749505
217045
217041
217046
653788
294601
294605
414807
414806
1348550
1772282
1398081
1398096
1432086
1563227
1563235
1655031
1784402
1693913
1863220
1961506
1961507
2080364
2040765
2040777
2107866
2090115
2155708
2267839
4452724
2346850
2346869
2346870
2427849
2427847
2471465
2471471
2471478
2491576
2570915
2570917
2570916
2570918
2570921
2570927
2570930
2570933
2570936
2570954
2668833
2763413
2763459
2865622
3153414
4287820
2995340
2995386
3426477
3143522
3076328
3117191
3185523
4422588
3269530
3350179
3350191
3465676
198673
1629481
3587768
3627782
3627794
3627804
3667257
3667258
3748127
239569
3781753
3781728
3781778
3859433
3859425
3978739
3978755
318490
318538
318578
318602
318644
1318611
2763605
4640131
4726318
4907952
5081012
5126347
903526
977908
977904
977916
977921
977930
1029686
3046519
1164696
1164693
35120
35156
469219
606016
4120714
4205969
4890620
4516260
4544782
4898262
4721326
4714674
4874823
4830612
4944654
4990616
4990629
4492268
5037874
2987107
875268
909439
345395
345397
345398
989664
989673
1622652
1083945
1083958
927787
68875
68874
425379
425815
918931
330857
330856
330865
330866
3358877
4240401
3362292
660585
1249001
981681
3387351
1327073
1327075
1366176
1458354
1599159
2091982
1599173
1697957
2434887
1799189
1839683
1839702
1881644
1988303
2031742
152182
343911
344035
2157308
2200331
2319286
3418674
2457754
2902545
2786350
111200
2992093
3036170
3160503
3080369
3080396
3144289
3195927
144966
3287595
3375257
3375265
3455444
3498298
3541999
230822
3673042
3673046
3755034
225657
3789877
3965717
4009713
780242
1296549
1296897
1296937
1297004
1297057
1728404
4160112
1728428
1728432
4181626
2562376
2562407
2562446
2538385
82153
2665712
2624657
4360900
4388048
3091318
3091333
4333086
3301972
3392473
3443455
3516885
3516890
3516883
3516888
3516884
3516871
3516880
3516886
3516882
3726397
3516878
172706
3516898
3516903
3516891
3561785
3561808
3607293
3607307
3605836
3742458
3721106
3860870
3904622
3948942
3994145
3965273
1617730
1617738
1617739
1617752
4471660
4178787
1360004
296146
1457056
1457067
1457069
1457082
1635210
1560448
1605777
1605780
1709309
1930664
1920155
2015512
2060561
2193918
2193940
2193944
2193946
2193952
2193953
2238718
2317894
2671080
2364353
2364348
2364359
2573695
2573700
2573681
1417068
1465709
2618542
2618563
2744704
2791847
3007505
3131751
3412392
3176920
3271371
3271374
3271391
3271390
3208914
3257518
3350774
3420653
3572180
3729339
3790879
4840915
3879952
4052176
3971451
3971550
970155
4166041
2198293
2808753
2808769
4209492
4569157
4531123
4570096
4672905
4721326
4771051
4129598
5070393
2489111
2537819
2537823
2537824
2537826
85390
2630552
2630528
2630548
2630554
2630538
2684528
2625645
2980586
3028063
3144039
4328130
3199532
3250713
3250697
4555897
3476589
3524859
3729295
3573021
3572999
3573007
3573016
3620469
192967
3667316
3753645
